5 holes, A = 6.0, B = 0.15, C = 0.58, Upp = 4.0
pressure = 0 GPa, Sz_set = [0.5]
ed = {'d3z2r2': 0.046, 'dx2y2': 0.0, 'dxy': 0.823, 'dxz': 0.706, 'dyz': 0.706}
ep = 2.47, tpd = 1.38, tpp = 0.537

d8_d8_L(-1): 0.18246489429276327
d7_d8(-1): 0.12954491459255058
d8_L_d8(1): 0.12718773215807672
L_d8_d8(1): 0.11846450116745194
d8_d7(-1): 0.06606383117137735
L_d8_d8(-1): 0.05825731131461054
d8_L_d8(0): 0.04049783216967918
L_d9_L_d8(1): 0.031082730967168373
L2_d9_d8(1): 0.02630152147712095
d8_L_d9_L(-1): 0.0256016148244834
L_d9_d8_L(-1): 0.021902002378235502
d8_d9_L2(-1): 0.01937683855673398
d8_L_d9_L(1): 0.019059153477164366
d7_d9_L(-1): 0.013295389519259735
L_d9_d8_L(1): 0.013248234713268477
L_d8_d9_L(1): 0.012577850354884448
L_d9_d7(1): 0.010944910335699928
L_d8_d9_L(-1): 0.010175953958133201

pressure = 4 GPa, Sz_set = [0.5]
ed = {'d3z2r2': 0.054, 'dx2y2': 0.0, 'dxy': 0.879, 'dxz': 0.761, 'dyz': 0.761}
ep = 2.56, tpd = 1.43, tpp = 0.548

d8_d8_L(-1): 0.1788775990353873
d7_d8(-1): 0.13135472534318068
d8_L_d8(1): 0.12511710702227313
L_d8_d8(1): 0.11683275005542051
d8_d7(-1): 0.06701623440981844
L_d8_d8(-1): 0.05751291687311328
d8_L_d8(0): 0.039641202242490826
L_d9_L_d8(1): 0.03139835916868854
L2_d9_d8(1): 0.026548111330167084
d8_L_d9_L(-1): 0.025830376360954494
L_d9_d8_L(-1): 0.022252269666837604
d8_d9_L2(-1): 0.019456138115953772
d8_L_d9_L(1): 0.01930204737476455
d7_d9_L(-1): 0.013950968116438959
L_d9_d8_L(1): 0.01347420584770339
L_d8_d9_L(1): 0.012847261393783265
L_d9_d7(1): 0.01149036536966816
L_d8_d9_L(-1): 0.010391630614468987

pressure = 8 GPa, Sz_set = [0.5]
ed = {'d3z2r2': 0.06, 'dx2y2': 0.0, 'dxy': 0.92, 'dxz': 0.804, 'dyz': 0.804}
ep = 2.62, tpd = 1.46, tpp = 0.554

d8_d8_L(-1): 0.1768201521556413
d7_d8(-1): 0.13259687637423825
d8_L_d8(1): 0.12395319731312135
L_d8_d8(1): 0.1159044617945948
d8_d7(-1): 0.06766785183556379
L_d8_d8(-1): 0.05708885782520753
d8_L_d8(0): 0.0391578532188958
L_d9_L_d8(1): 0.031531064060905827
L2_d9_d8(1): 0.02664732977570314
d8_L_d9_L(-1): 0.025919923016227038
L_d9_d8_L(-1): 0.02241596227421661
d8_d9_L2(-1): 0.019466956211476857
d8_L_d9_L(1): 0.019414213487321478
d7_d9_L(-1): 0.014338513636707293
L_d9_d8_L(1): 0.013580798398079616
L_d8_d9_L(1): 0.012982999432809185
L_d9_d7(1): 0.011812608123753768
L_d8_d9_L(-1): 0.010499557684559867

pressure = 16 GPa, Sz_set = [0.5]
ed = {'d3z2r2': 0.072, 'dx2y2': 0.0, 'dxy': 0.997, 'dxz': 0.887, 'dyz': 0.887}
ep = 2.75, tpd = 1.52, tpp = 0.566

d8_d8_L(-1): 0.1729524041127638
d7_d8(-1): 0.1352387211065036
d8_L_d8(1): 0.12178183096058158
L_d8_d8(1): 0.11414444331991376
d8_d7(-1): 0.06905231129193487
L_d8_d8(-1): 0.0562894532138386
d8_L_d8(0): 0.03825587449781644
L_d9_L_d8(1): 0.031708524409629735
L2_d9_d8(1): 0.026765197497613562
d8_L_d9_L(-1): 0.026025213262515324
L_d9_d8_L(-1): 0.022671996378098018
d8_L_d9_L(1): 0.019582059483696783
d8_d9_L2(-1): 0.01943764834537425
d7_d9_L(-1): 0.01509623607176634
L_d9_d8_L(1): 0.013750312741710388
L_d8_d9_L(1): 0.013211206690168013
L_d9_d7(1): 0.012441818287715681
L_d8_d9_L(-1): 0.010682109843478333

pressure = 29.5 GPa, Sz_set = [0.5]
ed = {'d3z2r2': 0.095, 'dx2y2': 0.0, 'dxy': 1.06, 'dxz': 0.94, 'dyz': 0.94}
ep = 2.9, tpd = 1.58, tpp = 0.562

d8_d8_L(-1): 0.16882645277697803
d7_d8(-1): 0.13926565089616033
d8_L_d8(1): 0.11982369909320785
L_d8_d8(1): 0.11261949425598501
d8_d7(-1): 0.07116099203105206
L_d8_d8(-1): 0.05551944644569632
d8_L_d8(0): 0.037409657629108646
L_d9_L_d8(1): 0.031616310170521696
L2_d9_d8(1): 0.026693800736241703
d8_L_d9_L(-1): 0.025910755373386347
L_d9_d8_L(-1): 0.022671108791282212
d8_L_d9_L(1): 0.019623732931560885
d8_d9_L2(-1): 0.01917476563309895
d7_d9_L(-1): 0.015871262833096277
L_d9_d8_L(1): 0.013747132806997079
L_d8_d9_L(1): 0.013326857148417123
L_d9_d7(1): 0.01308896917015582
L_d8_d9_L(-1): 0.010741519631171847

