5 holes, A = 6.0, B = 0.15, C = 0.58, Upp = 4.0
pressure = 0 GPa, Sz_set = [1.5]
ed = {'d3z2r2': 0.046, 'dx2y2': 0.0, 'dxy': 0.823, 'dxz': 0.706, 'dyz': 0.706}
ep = 2.47, tpd = 1.38, tpp = 0.537

d8_d8_L(-1): 0.23609135759187647
d8_d7(-1): 0.19560874576392911
d8_L_d8(0): 0.12149349650903568
L_d8_d8(1): 0.11846450116745265
d8_L_d8(1): 0.04619206781872125
L2_d9_d8(1): 0.02630152147712108
d8_L_d9_L(-1): 0.02560161482448357
L_d9_L_d8(1): 0.025244773433594294
L_d9_d8_L(-1): 0.025022889187821806
d8_L_d9_L(1): 0.024897111010738725
d8_d9_L2(-1): 0.018465299273516186
L_d9_d8_L(1): 0.013248234713268567
L_d8_d9_L(1): 0.012577850354884547
L_d9_d7(1): 0.010944910335700012
L_d8_L_d9(1): 0.010723151746497437
d7_d9_L(-1): 0.01048724839952747
L_d9_d7(-1): 0.01048724839952746

pressure = 4 GPa, Sz_set = [1.5]
ed = {'d3z2r2': 0.054, 'dx2y2': 0.0, 'dxy': 0.879, 'dxz': 0.761, 'dyz': 0.761}
ep = 2.56, tpd = 1.43, tpp = 0.548

d8_d8_L(-1): 0.23160177030254234
d8_d7(-1): 0.19837095975299832
d8_L_d8(0): 0.11892360672747354
L_d8_d8(1): 0.1168327500554202
d8_L_d8(1): 0.045834702537290085
L2_d9_d8(1): 0.026548111330166976
d8_L_d9_L(-1): 0.025830376360954463
L_d9_L_d8(1): 0.025536487829376828
L_d9_d8_L(-1): 0.02543704005291582
d8_L_d9_L(1): 0.025163918714076156
d8_d9_L2(-1): 0.018535431966254658
L_d9_d8_L(1): 0.013474205847703346
L_d8_d9_L(1): 0.012847261393783232
L_d9_d7(1): 0.011490365369668146
L_d9_d7(-1): 0.011008631870981861
d7_d9_L(-1): 0.011008631870981857
L_d8_L_d9(1): 0.010869932509286567

pressure = 8 GPa, Sz_set = [1.5]
ed = {'d3z2r2': 0.06, 'dx2y2': 0.0, 'dxy': 0.92, 'dxz': 0.804, 'dyz': 0.804}
ep = 2.62, tpd = 1.46, tpp = 0.554

d8_d8_L(-1): 0.229023067394014
d8_d7(-1): 0.2002647282098021
d8_L_d8(0): 0.11747355965668782
L_d8_d8(1): 0.11590446179459506
d8_L_d8(1): 0.04563749087532989
L2_d9_d8(1): 0.02664732977570315
d8_L_d9_L(-1): 0.025919923016227076
L_d9_L_d8(1): 0.025666297680139154
L_d9_d8_L(-1): 0.02563180378885588
d8_L_d9_L(1): 0.02527897986808827
d8_d9_L2(-1): 0.018542648333937543
L_d9_d8_L(1): 0.013580798398079649
L_d8_d9_L(1): 0.012982999432809195
L_d9_d7(1): 0.011812608123753789
L_d9_d7(-1): 0.01131743317183318
d7_d9_L(-1): 0.01131743317183318
L_d8_L_d9(1): 0.010937510008539871

pressure = 16 GPa, Sz_set = [1.5]
ed = {'d3z2r2': 0.072, 'dx2y2': 0.0, 'dxy': 0.997, 'dxz': 0.887, 'dyz': 0.887}
ep = 2.75, tpd = 1.52, tpp = 0.566

d8_d8_L(-1): 0.22416715737499993
d8_d7(-1): 0.20429103239843915
d8_L_d8(0): 0.11476762349344896
L_d8_d8(1): 0.11414444331991445
d8_L_d8(1): 0.0452700819649496
L2_d9_d8(1): 0.026765197497613722
d8_L_d9_L(-1): 0.026025213262515483
L_d9_d8_L(-1): 0.02593945545458647
L_d9_L_d8(1): 0.025853165290203036
d8_L_d9_L(1): 0.025437418603123672
d8_d9_L2(-1): 0.01850862767404371
L_d9_d8_L(1): 0.01375031274171045
L_d8_d9_L(1): 0.013211206690168106
L_d9_d7(1): 0.012441818287715747
L_d9_d7(-1): 0.011921678497050241
d7_d9_L(-1): 0.011921678497050227
L_d8_L_d9(1): 0.011042380500342026

pressure = 29.5 GPa, Sz_set = [1.5]
ed = {'d3z2r2': 0.095, 'dx2y2': 0.0, 'dxy': 1.06, 'dxz': 0.94, 'dyz': 0.94}
ep = 2.9, tpd = 1.58, tpp = 0.562

d8_d8_L(-1): 0.21898761991353993
d8_d7(-1): 0.2104266429272129
L_d8_d8(1): 0.11261949425598498
d8_L_d8(0): 0.11222897288732611
d8_L_d8(1): 0.045004383834990454
L2_d9_d8(1): 0.026693800736241776
L_d9_d8_L(-1): 0.02594125267551149
d8_L_d9_L(-1): 0.025910755373386364
L_d9_L_d8(1): 0.025844993064095108
d8_L_d9_L(1): 0.025395050037987473
d8_d9_L2(-1): 0.01825628047536085
L_d9_d8_L(1): 0.013747132806997107
L_d8_d9_L(1): 0.013326857148417132
L_d9_d7(1): 0.013088969170155824
d7_d9_L(-1): 0.012548733469465303
L_d9_d7(-1): 0.012548733469465301
L_d8_L_d9(1): 0.011025404232572646
d7_L_d9(1): 0.010216920743982536

