4 holes, A = 6.0, B = 0.15, C = 0.58, Upp = 4.0
pressure = 0 GPa, Sz_set = [0]
ed = {'d3z2r2': 0.046, 'dx2y2': 0.0, 'dxy': 0.823, 'dxz': 0.706, 'dyz': 0.706}
ep = 2.47, tpd = 1.38, tpp = 0.537

d8_d8(1): 0.4343055026797803
d8_d8(0): 0.217163516139621
L_d9_d8(1): 0.08741564471080508
d8_d9_L(-1): 0.0678477958586409
d9_L_d8(-1): 0.06114629036640098
d8_d9_L(1): 0.05024205835729297
d8_L_d9(-1): 0.02220016387157692

pressure = 29.5 GPa, Sz_set = [0]
ed = {'d3z2r2': 0.095, 'dx2y2': 0.0, 'dxy': 1.06, 'dxz': 0.94, 'dyz': 0.94}
ep = 2.9, tpd = 1.58, tpp = 0.562

d8_d8(1): 0.41099787715403613
d8_d8(0): 0.20554900331261008
L_d9_d8(1): 0.09201099031427704
d8_d9_L(-1): 0.0713089559817879
d9_L_d8(-1): 0.06736029752642318
d8_d9_L(1): 0.053208252007295384
d8_L_d9(-1): 0.023924625180888608

